3713 248,205,219
761 247,179,190
760 248,124,132
3712 233,76,91
3328 235,63,73
347 224,35,51
353 244,197,169
352 244,136,106
351 247,67,46
350 244,54,39
349 213,0,29
817 215,0,28
304 182,2,43
3833 244,86,122
3832 246,46,87
3831 214,32,55
777 137,5,31
3801 244,24,50
666 242,0,19
321 210,0,27
498 161,5,33
816 154,0,26
815 107,0,28
814 90,2,21
894 248,125,188
893 244,68,114
892 248,37,83
891 246,23,80
818 251,223,231
957 249,124,181
956 247,49,113
3708 246,132,179
3706 247,86,142
3705 248,47,69
963 245,197,219
3716 244,136,173
962 245,100,130
961 240,68,120
309 203,23,55
819 254,249,235
3326 250,158,189
899 246,88,134
335 242,58,107
326 185,1,42
151 247,179,207
3354 244,144,175
3733 238,97,136
3731 233,57,107
3350 176,14,61
150 182,15,51
23 247,230,236
3689 248,178,206
3688 213,91,138 
3687 194,64,109
3803 141,26,63
3685 110,13,36
605 248,164,205
604 246,137,190
603 245,96,157
602 237,44,111
601 227,24,92
600 197,7,65
3806 247,118,176
3805 228,42,114
3804 223,28,99
3609 248,168,227 
3608 250,138,193
3607 210,56,131
718 173,4,81
917 186,17,91
915 128,0,40
33 156,57,120
34 140,22,87
35 108,6,59
778 229,156,172
3727 211,136,165
316 194,103,143
3726 155,71,87
315 118,45,64
3802 112,26,43
902 95,9,35
3836 182,119,169
3835 125,66,115
3834 92,32,71
154 51,9,32
24 248,235,247
25 230,220,236
26 215,210,246
211 213,192,240
210 193,163,234
209 140,106,187
208 110,65,165
3837 75,38,125
327 85,42,99
153 225,180,228
554 194,140,202
553 132,80,166
552 96,48,127
550 60,6,69
3743 201,186,207
3042 169,152,178
3041 123,89,114
3740 93,55,70
27 238,234,242
28 119,107,131
29 57,42,67
3747 217,225,242
341 151,166,218
156 123,141,202
340 119,126,207
155 121,119,206
3746 79,81,168
333 50,40,131
30 133,122,175
31 92,85,137
32 58,59,103
157 167,197,234
794 115,148,194
793 95,118,167
3807 64,73,143
792 45,61,156
158 42,50,110
791 28,31,101
3840 164,199,244
3839 100,129,198
3838 74,99,175
800 163,203,237
809 123,165,221
799 92,135,189
798 52,89,164
797 36,51,126
796 13,26,98
820 3,11,81
162 197,232,242
827 171,213,245
813 106,154,203
826 62,104,165
825 29,68,125
824 17,44,104
996 72,177,248
3843 32,135,229
995 20,117,219
3846 76,210,242
3845 40,176,223
3844 17,135,193
159 166,171,210
160 111,127,173
161 70,80,121
3756 243,245,243
775 220,243,245
3841 198,227,244
3325 153,195,238
3755 126,172,219
334 87,128,181
322 79,117,170
312 32,55,114
803 25,46,103
336 27,40,87
823 13,11,49
939 12,9,30
3753 206,227,239
3752 168,192,211
932 127,149,172
931 81,109,143
930 39,59,77
3750 27,46,74
828 188,226,231
3761 177,233,243
519 128,182,218
518 78,145,185
3760 63,118,168
517 32,79,137
3842 21,56,116
311 27,53,90
747 214,250,251
3766 140,209,224
807 82,152,180
3765 39,94,146
3811 189,239,242
598 143,198,205
597 91,155,173
3810 75,140,163
3809 34,93,124
3808 27,68,89
928 218,229,222
927 158,175,171
926 115,134,131
3768 69,84,96
924 32,55,58
3849 89,163,159
3848 54,121,113
3847 24,84,76
964 169,249,235
959 114,214,188
958 89,184,154
3812 46,161,127
3851 80,184,144
943 47,145,106
3850 38,140,89
993 121,191,165
992 83,161,129
3814 54,124,110
991 34,97,77
966 166,213,168
564 178,228,186
563 140,202,163
562 83,144,95
505 44,92,56
3817 155,194,177
3816 114,163,142
163 77,121,97
3815 66,115,82
561 48,84,68
3813 169,199,188
503 125,165,153
502 84,118,106
501 67,96,87
500 14,27,24
955 190,250,195
13 184,243,171
954 139,220,150
913 119,202,131
912 89,170,104
911 62,154,76
910 47,134,52
909 22,103,30
3818 17,75,27
369 204,226,179
368 142,174,118
320 94,131,89
367 68,104,62
319 33,58,37
890 12,35,12
164 172,209,147
989 124,156,100
988 98,128,67
987 68,95,51
986 33,65,27
772 236,247,191
3348 210,210,139
3347 107,122,65
3346 86,104,44
3345 41,58,17
895 38,69,37
14 244,253,184
15 229,240,138
16 212,237,104
704 139,187,60
703 119,185,73
702 91,160,65
701 67,152,53
700 45,121,39
699 22,93,27
907 154,183,53
906 88,141,30
905 73,112,24
904 54,81,26
472 218,206,118
471 117,122,57
470 109,131,40
469 79,82,37
937 72,86,25
936 69,70,36
935 51,56,31
934 30,31,19
3364 137,140,88
3363 97,108,74
3362 68,79,54
10 247,245,212
11 248,248,137
12 243,246,97
165 228,221,117
3819 232,230,93
166 192,194,40
581 125,134,43
580 99,105,34
523 146,151,121
3053 146,157,102
3052 123,128,87
3051 75,82,37
524 190,195,155
522 140,150,119
520 62,75,54
734 198,163,78
733 177,139,52
732 107,89,24
730 88,72,20
3013 170,156,105
3012 124,107,54
3011 92,80,38
372 174,155,113
371 152,122,68
370 150,127,77
17 247,216,98
18 235,188,73
834 216,165,90
833 174,125,51
832 164,113,45
831 127,83,30
830 95,60,21
829 114,62,24
746 253,253,232
677 250,228,169
422 207,156,111
3828 175,120,75
420 150,83,48
869 115,60,34
613 227,211,170
612 175,143,97
611 108,79,54
610 108,78,37
3047 245,223,172
3046 213,171,113
3045 166,111,70
167 149,88,57
676 247,182,121
729 212,128,60
680 176,107,56
3829 168,87,40
3822 248,207,116
3821 243,172,78
3820 232,154,59
3852 205,110,35
728 246,165,64
783 220,113,41
782 178,85,28
780 158,56,29
3823 251,252,217
3855 248,193,131
19 251,198,125
3854 246,149,93
3853 244,95,48
3827 248,158,110
977 246,138,88
976 229,96,55
3826 176,62,36
975 115,34,19
445 250,255,136
307 252,252,57
973 250,221,44
444 246,191,22
3078 251,247,162
727 252,245,139
726 252,223,88
725 247,164,71
972 246,138,36
745 253,239,172
744 247,217,121
743 252,195,90
742 249,148,53
741 249,121,42
740 242,51,25
970 246,64,46
947 249,33,32
946 245,32,31
900 210,4,23
967 249,206,212
3824 250,173,172
3341 248,133,126
3340 249,84,74
608 248,13,30
606 249,1,24
951 242,219,190
3856 245,191,147
722 245,108,85
721 247,78,61
720 241,50,33
3825 245,148,124
922 243,98,65
921 233,65,45
920 181,40,31
919 166,25,19
918 151,29,27
3770 253,252,241
945 249,216,178
402 244,134,101
3776 223,87,53
301 177,65,34
400 125,31,16
300 93,31,22
225 252,228,232
224 231,157,153
152 224,131,146
223 195,82,107
3722 182,65,76
3721 164,37,51
221 141,30,33
948 246,220,194
754 244,172,148
3771 248,178,140
758 248,156,144
3778 220,101,96
356 186,63,63
3830 181,52,51
355 145,23,26
3777 144,17,32
3779 249,182,177
3859 207,111,92
3858 135,40,46
3857 101,26,22
20 247,175,176
21 221,81,79
22 178,34,44
3774 249,212,200
950 248,207,180
3064 202,109,101
407 182,102,100
3772 157,81,73
632 108,40,35
453 212,193,185
452 165,139,139
451 131,102,104
3861 147,104,117
3860 106,66,64
779 89,52,47
09 61,41,47
712 250,246,217
739 249,233,189
738 232,183,130
437 236,161,122
436 188,109,71
435 181,90,54
434 139,56,29
433 108,47,24
801 89,40,18
898 60,20,14
938 60,24,18
3371 29,15,10
543 237,206,188
3864 217,174,142
3863 149,99,68
3862 127,75,48
3031 57,33,24
3865 247,247,247
ECRU 251,245,215
822 235,221,192
644 214,205,175
642 151,133,108
640 127,112,90
3787 68,66,52
3021 47,39,32
844 60,52,44
3033 236,208,190
3782 193,168,142
3032 141,123,96
3790 126,95,68
3781 75,52,36
05 230,210,201
06 209,188,174
07 147,124,111
08 94,71,56
3866 248,246,237
842 211,173,161
841 175,129,113
840 138,93,80
839 83,52,43
838 63,33,31
3072 224,227,212
647 153,152,128
3023 174,166,143
3022 142,139,112
3024 229,228,213
648 192,181,165
646 116,111,94
645 88,83,80
B5200 252,252,252
BLANC 254,254,254
762 240,240,240
415 190,192,200
318 150,153,170
414 108,111,127
01 224,224,224
02 214,214,214
03 145,146,146
04 110,107,114
535 70,74,73
168 201,213,216
169 132,142,139
317 76,81,93
413 58,61,61
3799 42,43,40
310 2,2,2